CameraZoomOut:(5.209981,46.4956,-0.7999094):(0,0,1,0.4)
CameraZoomOut:(5.147745,54.76016,11.79997):(0,0,1,0.4)
CameraZoomOut:(5.147454,55.89225,-10.89989):(0,0,1,0.4)
CameraZoomOut:(5.147454,57.45018,-12.84983):(0,0,1,0.4)
CameraZoomOut:(5.147454,74.60085,-1.399847):(0,0,1,0.4)
CameraZoomOut:(5.147727,100.3602,12.30006):(0,0,1,0.4)
CameraZoomOut:(5.147299,121.0528,18.81048):(0,0,1,0.4)
CameraZoomOut:(5.147454,126.9044,5.660549):(0,0,1,0.4)
CameraZoomOut:(5.147454,144.2919,-13.33933):(0,0,1,0.4)
CameraZoomOut:(5.147454,144.2944,-13.73937):(0,0,1,0.4)
CameraZoomOut:(5.209998,182.4174,-4.752201):(0,0,1,0.4)
CameraZoomOut:(5.14746,202.046,-23.70201):(0,0,1,0.4)
CameraZoomOut:(4.697384,197.2944,-23.00196):(0,0,1,0.4)
CameraZoomOut:(5.147454,220.9944,-4.501912):(0,0,1,0.4)
CameraZoomOut:(5.211915,250.9946,-8.852079):(0,0,1,0.4)
CameraZoomOut:(5.147454,259.3444,-3.85891):(0,0,1,0.4)
CameraZoomOut:(5.209928,265.011,-4.508859):(0,0,1,0.4)
