CameraZoomOut:(0.2080058,0.931079,1.629102):(0,0,1,0.4)
CameraZoomOut:(-0.03179605,0.9310791,-1.106527):(0,0,1,0.4)
CameraZoomOut:(-1.037896,0.9310791,-1.106527):(0,0,1,0.4)
CameraZoomOut:(-6.028007,0.9310791,-2.919836):(0,0,1,0.4)
CameraZoomOut:(-8.291638,0.9310791,-2.919836):(0,0,1,0.4)
CameraZoomOut:(-9.341311,0.9310791,-2.919836):(0,0,1,0.4)
CameraZoomOut:(4.844082,30.44787,-8.635292):(0,0,1,0.4)
CameraZoomOut:(5.080976,48.73724,-0.6066091):(0,0,1,0.4)
CameraZoomOut:(5.056807,54.86361,11.45117):(0,0,1,0.4)
CameraZoomOut:(5.056205,74.70428,-0.8612255):(0,0,1,0.4)
